entropy	Protein_position
0.98919404	1
1.3474684	2
1.5566053	3
1.626949	4
1.3031976	5
0.9778412	6
1.1823237	7
1.3507993	8
0.54647213	9
0.26540554	10
1.3268483	11
0.3405556	12
0.31493703	13
0.37183726	14
0.33577162	15
0.45429313	16
1.3747213	17
1.1927254	18
0.4291396	19
0.298896	20
0.33498108	21
0.33899388	22
0.2080704	23
0.2281721	24
0.22817208	25
0.28440717	26
0.22817218	27
0.8983963	28
0.9724729	29
1.4602177	30
1.0045067	31
0.8210499	32
0.30502492	33
0.30671412	34
0.2920761	35
0.9131769	36
0.23259813	37
0.18179515	38
0.8955028	39
1.0407743	40
0.9556121	41
1.4709275	42
0.9849163	43
1.1918757	44
1.1931472	45
0.25270936	46
0.20193464	47
0.20193464	48
0.90916413	49
0.26879823	50
1.64208	51
0.9104607	52
0.22206482	53
0.9599369	54
0.48633456	55
0.25549877	56
0.28348914	57
0.32217154	58
1.3367264	59
0.25951153	60
0.21931769	61
1.7920929	62
1.2261174	63
0.36413497	64
0.26098406	65
1.0499016	66
0.92999953	67
0.37416494	68
0.23037739	69
0.2504791	70
0.24646631	71
0.9206601	72
0.2683469	73
1.0149232	74
1.5342202	75
0.2569231	76
0.3484224	77
1.1914191	78
1.6933715	79
1.5316948	80
0.21931769	81
1.0521772	82
1.4153349	83
0.5336417	84
0.2919263	85
1.6101097	86
0.93340695	87
1.3265618	88
1.4129796	89
0.91391087	90
0.87902397	91
0.20100515	92
0.1915203	93
0.27198398	94
0.86739314	95
0.1915203	96
1.5024228	97
0.3326457	98
1.4574623	99
1.2729449	100
0.939276	101
1.2432561	102
1.7493398	103
0.6690302	104
1.288008	105
1.5631273	106
1.5370841	107
1.0299824	108
1.504266	109
1.579568	110
0.19792196	111
0.86854327	112
1.274648	113
1.4321777	114
0.49449015	115
1.723271	116
1.9154155	117
0.86283875	118
0.83141667	119
1.2314107	120
0.57151407	121
0.4337433	122
0.18179515	123
0.16164622	124
0.33312058	125
0.8744433	126
0.20100516	127
0.23722427	128
0.23941939	129
0.30447054	130
0.28841996	131
0.24826425	132
0.89684427	133
0.38533667	134
0.92639995	135
0.2018505	136
1.0337144	137
1.2929976	138
0.27223146	139
0.8991715	140
1.3212459	141
1.1848695	142
1.4630269	143
1.5471947	144
0.4103933	145
1.831177	146
1.6256158	147
0.26797116	148
1.2127835	149
0.90033436	150
0.9108778	151
0.3410136	152
1.4148036	153
0.970013	154
0.89152515	155
0.37704033	156
0.514029	157
1.0109466	158
0.28546894	159
0.2769961	160
1.057295	161
1.3825836	162
1.388667	163
0.9577205	164
0.23684041	165
0.5380516	166
0.95671487	167
0.9105268	168
0.30447054	169
0.2930467	170
0.25692308	171
1.3624	172
0.1915203	173
0.36177614	174
0.21165049	175
1.5235684	176
0.17138085	177
0.7521919	178
1.3393042	179
2.1453695	180
1.2192123	181
0.732175	182
0.9321423	183
0.85825586	184
1.2266445	185
0.7361878	186
1.186194	187
0.7021574	188
1.0216638	189
0.73329735	190
0.7643484	191
0.76318103	192
0.732175	193
0.7186447	194
0.7441212	195
0.7197448	196
0.32069892	197
1.7673389	198
2.1538692	199
0.93221104	200
1.4442633	201
1.5246719	202
1.1009305	203
0.2116504	204
0.7496957	205
0.78065646	206
0.91054016	207
0.881276	208
0.72858137	209
0.77873975	210
0.6800999	211
0.99299717	212
0.4842208	213
1.9758209	214
1.1554443	215
1.4237869	216
0.94693017	217
1.2798034	218
1.0658333	219
0.9618406	220
1.6710823	221
0.73731005	222
1.1522343	223
1.1596451	224
1.5201833	225
1.5673041	226
1.0719771	227
1.326087	228
1.4784671	229
2.0413344	230
1.3959024	231
1.3934047	232
1.233429	233
1.9865434	234
0.9185693	235
1.8338547	236
1.3302013	237
2.3031802	238
1.4498935	239
1.8392341	240
1.0724881	241
1.9802719	242
1.3069103	243
2.0082831	244
1.7033792	245
1.507414	246
0.9194356	247
1.3885093	248
1.0260077	249
1.6595416	250
0.92353857	251
0.4862465	252
0.9464946	253
0.2778629	254
0.5134999	255
1.6662889	256
0.43236098	257
1.2467566	258
0.8616636	259
1.288989	260
1.2996957	261
1.6227338	262
0.7694905	263
1.8591061	264
0.98524463	265
1.0138547	266
0.51351917	267
1.2356575	268
1.3302755	269
1.3493391	270
0.31754124	271
1.3548429	272
0.32983986	273
0.34197882	274
1.1456243	275
0.7252959	276
0.4896301	277
1.0946943	278
0.3768321	279
0.7415988	280
0.6769538	281
0.7593877	282
0.8561375	283
0.90105456	284
1.2804145	285
1.8455762	286
1.5496659	287
1.1638074	288
1.0639601	289
1.1511719	290
0.8568667	291
0.8207872	292
0.7694905	293
1.0211036	294
1.0796299	295
1.3581703	296
0.85358775	297
1.0846167	298
0.8478406	299
1.1521645	300
0.8613519	301
0.9279883	302
1.0575664	303
1.3529966	304
1.0051131	305
1.1672726	306
1.1293404	307
1.1011641	308
1.2741	309
1.0576646	310
1.0150161	311
0.77452177	312
0.8878231	313
1.0484183	314
1.0894098	315
0.8711547	316
1.1265421	317
0.828454	318
0.9526162	319
0.46503818	320
1.6912137	321
1.0239587	322
1.2615058	323
1.1948704	324
0.527906	325
0.41925415	326
1.0998554	327
1.2817351	328
1.1066453	329
0.4795239	330
1.8776877	331
0.62242734	332
1.3162048	333
1.231842	334
1.5873138	335
1.7719171	336
1.1151205	337
1.6693985	338
1.2783158	339
1.7414672	340
0.46204168	341
1.4543303	342
0.6619412	343
1.5187738	344
1.3488297	345
1.8451147	346
0.48843277	347
1.8928095	348
0.8634181	349
0.8490056	350
0.76078475	351
0.8316465	352
0.90539956	353
1.148256	354
1.1289011	355
0.81561124	356
1.0670466	357
0.8967501	358
0.846158	359
0.8289721	360
1.1551435	361
0.7674761	362
0.9422287	363
0.7914663	364
0.85017085	365
0.7808694	366
0.74874985	367
0.7313205	368
0.78215665	369
0.80738586	370
0.79332453	371
0.8645991	372
1.1026433	373
1.4789519	374
1.2985581	375
0.91945744	376
0.7519474	377
0.8870803	378
0.766156	379
0.7313205	380
0.74473715	381
0.743402	382
0.7474148	383
0.7286587	384
0.71125257	385
0.7446295	386
0.74431205	387
0.73916614	388
0.7286587	389
0.79772115	390
0.86427766	391
0.886235	392
0.8985653	393
0.94051474	394
0.91431165	395
0.97901976	396
0.84857947	397
1.1830509	398
1.0092773	399
1.0680423	400
1.1427412	401
1.1642113	402
1.0916713	403
